# f (Hz)	I (mA)		U (mV)
10 0.45 2 
20 0.95 4.4 
30 1.5 7 
40 2 9.5 
50 2.6 12.4 
60 3.25 15.5 
70 4.1 19.8 
80 5.1 24.8 
85 5.5 26.5 
90 6.1 30 
95 6.8 33.5 
100 7.7 38.3 
105 8.6 43 
110 9.7 49 
115 10.9 56.2 
120 12.5 65.4 
125 14.6 80.7 
130 17.7 106 
135 20.6 142 
140 27 275 
145 35 515 
149 42.5 786 
150 44.5 865 
152 54 1280 
154 60 1500 
155 61 1560 
156 64.5 1745 
157 66 1827 
158 68 1936 
159 69 1980 
160 68 1960 
161 67.5 1915 
163 64 1765 
165 58 1500 
168 52.7 1220 
170 48 1000 
172 40 700 
175 35 530 
180 28 300 
185 23 184 
190 20.6 142 
195 18 114 
200 16 91 
210 13.5 73 
220 11.5 65 
230 9.9 52.2 
240 8.9 45 
256 7.7 37.6 
290 5.7 28 
320 4.9 24 
350 4.2 20 
380 3.8 18 
410 3.4 16 
450 3 14.5 
500 2.6 12.6 
