5.025897484606104901e-03
5.082528593109838372e-03
5.066125695041143011e-03
4.952508234773361773e-03
4.935171753702964972e-03
4.920059306690380621e-03
4.952108652138388634e-03
4.937899295329776193e-03
4.957678443350474473e-03
4.866553014942659114e-03
4.893597501646276132e-03
4.840728513594417734e-03
4.838094248465913023e-03
4.858011256400445767e-03
4.854010519393586916e-03
4.833016923968262019e-03
4.789153644837227004e-03
4.794768324178573342e-03
4.713223502595779123e-03
4.696269766672906895e-03
4.721901230459278100e-03
4.752733895056203937e-03
4.739329103219062228e-03
4.685834627519274223e-03
4.621341957481972344e-03
4.602084728983732963e-03
4.637092037082228557e-03
4.597478945581079911e-03
4.563124306800882442e-03
4.631178738685739864e-03
4.555895514473193124e-03
4.588920609811268994e-03
4.519795937602926784e-03
4.507033731929276435e-03
4.514035072861155053e-03
4.542056540484973662e-03
4.496733816195794264e-03
4.448220882691796517e-03
4.433721452057380955e-03
4.420590271799801699e-03
4.444643959361376656e-03
4.440123257831998620e-03
4.446564254553428755e-03
4.368209159203591783e-03
4.373231018989849617e-03
4.323120049472680033e-03
4.289401030570498367e-03
4.315897870955664323e-03
4.265390358357664703e-03
4.333141555969657888e-03
4.304753025528889471e-03
4.233391156476591644e-03
4.277681397883000176e-03
4.258251718390787185e-03
4.202577938352473723e-03
4.219677346615506065e-03
4.176800594313612690e-03
4.137744048812321863e-03
4.194506281684240792e-03
4.162825568220900226e-03
4.181296936382838600e-03
4.118361672328325895e-03
4.101447540158041812e-03
4.102867650189956188e-03
4.098258474224219378e-03
4.089361485109506075e-03
4.023682180076473477e-03
4.024657500917795151e-03
4.020805353785896104e-03
3.974974950318938167e-03
4.050454698513285615e-03
3.965996763057517624e-03
4.013790937694202386e-03
3.994501307267916100e-03
3.947303462522775384e-03
3.952800603556845364e-03
3.921061687090598817e-03
3.941543344327697908e-03
3.926035212346225267e-03
3.905825443743085167e-03
3.880661257385806338e-03
3.896541254225425761e-03
3.877591968279217333e-03
3.791926289600802691e-03
3.813586034632345922e-03
3.819823719706391240e-03
3.848378288376188335e-03
3.792171409807202926e-03
3.801206318682423448e-03
3.782192458215362547e-03
3.767334110645249694e-03
3.700340784460133450e-03
3.704692967410191766e-03
3.719508495726945013e-03
3.688243658782122507e-03
3.655451630164550415e-03
3.726603925388519058e-03
3.697894500613572912e-03
3.648706736509960049e-03
3.637800490485531592e-03
3.604662189452816079e-03
3.668109874137032850e-03
3.633527656960419336e-03
3.587613226532998870e-03
3.576120483051542249e-03
3.552593715059189101e-03
3.557223995416231629e-03
3.543390874153049420e-03
3.533350048157784390e-03
3.527812002488060934e-03
3.556678037926413929e-03
3.491545510863828215e-03
3.454406954074967177e-03
3.516263286886360095e-03
3.437416708299327606e-03
3.482118144312013486e-03
3.484603726321536948e-03
3.461636933629733993e-03
3.385112218869434312e-03
3.401213246714904735e-03
3.442198141268678225e-03
3.399336669278765852e-03
3.399795681155140699e-03
3.354989440579763706e-03
3.316497655278733900e-03
3.363899771118430884e-03
3.315497139399175945e-03
3.291372672489628528e-03
3.352866491977760099e-03
3.252792379123219373e-03
3.317427555598023714e-03
3.242297299865448765e-03
3.310436059411626161e-03
3.302760287728146501e-03
3.249346740543149984e-03
3.211831636819460507e-03
3.245242832453614466e-03
3.225394438700941811e-03
3.169263783076970310e-03
3.245771707534862889e-03
3.183433199581462737e-03
3.171562937142221629e-03
3.189315996463751215e-03
3.203574904175607481e-03
3.178269637769947156e-03
3.179790054231056758e-03
3.159424477114280462e-03
3.116332841782167712e-03
3.131141792464206715e-03
3.072495226372568868e-03
3.102972102890825916e-03
3.059853576446695464e-03
3.109855881977319648e-03
3.097915628586890135e-03
3.031624154188472878e-03
3.047615798089439200e-03
2.978363992836909838e-03
2.966246122760256461e-03
2.995406785585835469e-03
2.994043275936732282e-03
2.940073265685442475e-03
2.999964248812985335e-03
2.918888441322705501e-03
2.999216715997082665e-03
2.916961091710354188e-03
2.960279554047710610e-03
2.922856153767136762e-03
2.875777137065546347e-03
2.861503096493767453e-03
2.856585474743501482e-03
2.860187074506845718e-03
2.836097947748746333e-03
2.831222821753568829e-03
2.879926435962755580e-03
2.875491152060131832e-03
2.870001128521113953e-03
2.845571687785392306e-03
2.850992765234375975e-03
2.855824989647298435e-03
2.828182680289121741e-03
2.749497616772263522e-03
2.739361252702745934e-03
2.750744215652389454e-03
2.767071341160624778e-03
2.736436036894242512e-03
2.797864464075885526e-03
2.719947530766140577e-03
2.699787191163138204e-03
2.702396301205693338e-03
2.671443682246713892e-03
2.715432749467221619e-03
2.731673452414814813e-03
2.675343930946777731e-03
2.670652963782961780e-03
2.646611970280108098e-03
2.669146917852528635e-03
2.633331088382579073e-03
2.674045536337713285e-03
2.625789465707552717e-03
2.620756972970077030e-03
2.593346785289208506e-03
2.624651540688437579e-03
2.556189082313919513e-03
2.547733792501502732e-03
2.623742511496648076e-03
2.604034691487156893e-03
2.596608838282683102e-03
2.593436981838307450e-03
2.524525276330511544e-03
2.577276456592214864e-03
2.556794262681949363e-03
2.532200996596097823e-03
2.530057186842629095e-03
2.465719190956541275e-03
2.456577798811076900e-03
2.522399804629857790e-03
2.472809688872787230e-03
2.454051942831466174e-03
2.469406234942134702e-03
2.465784411282711825e-03
2.485411209420270058e-03
2.414694864764429551e-03
2.434378387923124675e-03
2.383648133465184147e-03
2.442141819202201403e-03
2.453678728584935808e-03
2.374060130143085430e-03
2.399019194026807272e-03
2.385961184101199808e-03
2.370465994128093633e-03
2.379915309229126055e-03
2.388580936631954244e-03
2.367084044413810939e-03
2.353036721886490445e-03
2.349934559555314113e-03
2.356428902798472520e-03
2.289850904369983807e-03
2.309300755713445188e-03
2.315782392546117310e-03
2.282125147966876464e-03
2.285015051438563094e-03
2.296707160035584006e-03
2.286999521441083517e-03
2.242592266677819433e-03
2.308175481568169873e-03
2.254593660686974796e-03
2.221188242240792771e-03
2.291838281774832668e-03
2.222099333335426051e-03
2.253376298284173046e-03
2.260188606697148463e-03
2.199541486222018980e-03
2.217084283154601571e-03
2.239742599158920690e-03
2.231627986371860842e-03
2.178508201482383735e-03
2.206530463822887166e-03
2.177987750038387453e-03
2.184988138719037680e-03
2.155315554859525608e-03
2.157416322316399373e-03
2.177919643757804391e-03
2.121720054584111653e-03
2.121220387613004243e-03
2.158368119090539432e-03
2.132612796653139166e-03
2.104119732376174678e-03
2.122386403124836875e-03
2.112211923239004467e-03
2.126479879820612762e-03
2.098029166951573179e-03
2.075495292254322423e-03
2.043590537699922858e-03
2.105713315651428549e-03
2.018786440263492608e-03
2.011788612512932332e-03
2.087117702000517924e-03
2.047168478753577832e-03
2.003498667542756573e-03
1.979133646764059517e-03
1.974026751363469091e-03
2.036124781484315027e-03
1.980217031006811530e-03
2.000887648892138177e-03
2.029417133385380805e-03
1.992045987854557283e-03
1.982471923213168646e-03
1.981175061338205732e-03
1.976386165278251270e-03
1.975694572607882612e-03
1.989988044777470187e-03
1.982429522937997988e-03
1.955535421299873025e-03
1.914802670843369957e-03
1.960024478162478677e-03
1.923701706306391512e-03
1.907340423397915026e-03
1.940220364757659285e-03
1.920777061012658498e-03
1.866773013864414998e-03
1.861693936334205251e-03
1.874516445539536804e-03
1.831671223844329351e-03
1.889120998649884350e-03
1.840249545328405010e-03
1.869653610496765104e-03
1.854885071263389414e-03
1.848736136177841919e-03
1.792336624039716012e-03
1.863668554768944073e-03
1.872155713867129168e-03
1.851204666755346421e-03
1.810588435137182491e-03
1.792726706284328460e-03
1.778973074690115303e-03
1.815741482759714639e-03
1.806919185608608491e-03
1.824057486223757459e-03
1.743278630740828722e-03
1.731522945990596933e-03
1.732720015549964838e-03
1.807620686630177428e-03
1.803194760958411018e-03
1.781258818760282636e-03
1.782286857239890297e-03
1.782541585020057471e-03
1.752038245441145739e-03
1.718141183787413526e-03
1.694862696829237212e-03
1.716520571600833748e-03
1.671619009189312345e-03
1.683799168701011640e-03
1.702150110459042884e-03
1.711457394632511777e-03
1.694900677408616232e-03
1.721175075542633048e-03
1.720074617895382251e-03
1.703341525619830356e-03
1.642722897646274691e-03
1.677295349066391114e-03
1.638634863372638280e-03
1.635633351474441617e-03
1.599620263174533112e-03
1.636493931481674061e-03
1.661355791407823600e-03
1.633390450962631576e-03
1.617272259198969039e-03
1.595708248448392654e-03
1.618337868440116118e-03
1.630986441086598954e-03
1.636904075310156338e-03
1.607400734160197627e-03
1.623356776674858819e-03
1.568514578301581338e-03
1.604680992640013411e-03
1.533079336183597579e-03
1.558686499056984422e-03
1.534309866767602981e-03
1.594411848570307343e-03
1.604562647093815946e-03
1.544216455288858212e-03
1.586497201313875373e-03
1.586431859497447298e-03
1.587672420352210980e-03
1.568389995280523039e-03
1.493206489138220556e-03
1.547035289119962770e-03
1.517339507641114835e-03
1.494228176660613227e-03
1.491421561756905469e-03
1.528577906519788202e-03
1.495829946654010775e-03
1.489953751404670280e-03
1.462288299305643377e-03
1.467196330718258807e-03
1.479136085484730875e-03
1.503314563629867774e-03
1.476853475190132879e-03
1.515224785175096076e-03
1.415050155204400275e-03
1.506575475827597174e-03
1.456883994876053247e-03
1.458468964566708714e-03
1.443735763642307185e-03
1.480942989604485662e-03
1.403739688052375260e-03
1.427962356111450943e-03
1.380041848687428747e-03
1.420194428718768226e-03
1.427102773410113051e-03
1.449490128112867864e-03
1.407813163547543293e-03
1.450329574254650760e-03
1.358678603863632374e-03
1.434289095638239999e-03
1.369202502422458157e-03
1.396605096438689481e-03
1.369993583150323942e-03
1.426052244489621175e-03
1.378696811666301663e-03
1.359302453800469808e-03
1.375318059160651795e-03
1.382780190331312680e-03
1.306565774317859380e-03
1.325788009399880233e-03
1.302983813533350891e-03
1.304117829063825874e-03
1.375425842960750029e-03
1.324807746995864148e-03
1.300125924413024492e-03
1.357248351463957899e-03
1.359300550749019442e-03
1.324063279505795351e-03
1.327689985881724951e-03
1.344082640618464008e-03
1.272647117522582609e-03
1.297806026349472607e-03
1.290151181534923827e-03
1.266952020258292665e-03
1.284349214302051316e-03
1.317562601092183176e-03
1.245252158429065951e-03
1.277001053284075333e-03
1.259200666696460007e-03
1.248148464296143555e-03
1.303421327027166985e-03
1.209934679254630807e-03
1.284798288920277216e-03
1.252576938521652358e-03
1.208652722659768345e-03
1.231654055466473423e-03
1.199991342609927269e-03
1.247775337187123721e-03
1.234904398372814113e-03
1.245802473245899997e-03
1.242907143905296660e-03
1.189407871636413185e-03
1.241899766705350551e-03
1.165910676619593290e-03
1.200887704621227126e-03
1.240014630055115072e-03
1.165136404025027619e-03
1.203633667663736974e-03
1.232688485094464610e-03
1.211153447311133415e-03
1.150177034377571376e-03
1.158319091539105391e-03
1.220709118825398900e-03
1.208129508253894110e-03
1.145974997677747615e-03
1.144821991080196286e-03
1.184313747873965220e-03
1.196790485757066392e-03
1.171848331987529988e-03
1.146577062706936835e-03
1.153142012453706048e-03
1.128670604659712294e-03
1.159694887586712204e-03
1.151967806480495068e-03
1.109631268739744245e-03
1.100076375834145451e-03
1.103545917714726090e-03
1.106982796264738668e-03
1.166790548268976241e-03
1.096655563590047877e-03
1.070298939065604266e-03
1.098035184838957751e-03
1.145438564342509714e-03
1.105351001424803494e-03
1.083426242062461402e-03
1.140744220492481654e-03
1.132140691385093286e-03
1.136730496549063661e-03
1.034839224542723028e-03
1.126497231095460218e-03
1.072463903329017336e-03
1.030602705905266352e-03
1.025604435541627776e-03
1.080586251476779204e-03
1.013581053070885087e-03
1.064631605353370206e-03
1.034422135145820652e-03
1.050717614482937464e-03
1.070130359312877494e-03
1.073699718652593605e-03
1.019856534403533986e-03
1.002428476935809942e-03
1.080042051968919210e-03
9.959967139576064374e-04
1.060116735329582650e-03
1.040719517727717964e-03
9.928457807768659160e-04
1.022133811419309720e-03
1.011573386756711929e-03
1.045247100423311393e-03
1.034505379828023217e-03
1.005805056279012073e-03
9.972802733989923757e-04
9.965248635394039801e-04
9.711756155000196697e-04
1.043096694799866379e-03
1.004171014952540174e-03
1.037586341654761404e-03
9.803134178890313393e-04
9.586469484940176580e-04
9.528021305624882189e-04
1.011981824224205719e-03
9.932716443185824265e-04
9.440212362182612803e-04
9.860943571601645842e-04
9.255172492984628909e-04
9.915762534365379043e-04
9.383978898858328765e-04
9.598857544761149954e-04
9.404017467392463900e-04
9.959116083975497191e-04
9.042922592082191331e-04
9.834157316269726175e-04
9.816855947903189300e-04
9.443624437910675025e-04
9.783364199590423738e-04
9.663991858385154220e-04
9.365050483817698558e-04
9.118988678417809307e-04
8.924768232524256601e-04
9.016870926923151695e-04
9.458409914593587150e-04
9.269407171689477212e-04
9.556779731401652839e-04
9.110196232719845874e-04
9.301085295981410773e-04
8.665910037459435486e-04
8.647805685045663370e-04
8.906288877752299282e-04
8.781684268727266455e-04
9.042686373003798505e-04
8.415583793687532715e-04
8.710416608372442172e-04
9.125104193511137871e-04
9.291816444910115094e-04
8.557670526032213742e-04
9.018859038075475228e-04
8.234949811558971156e-04
8.436205744281371132e-04
8.969199164047364200e-04
8.246743481109763095e-04
8.429100736339319513e-04
8.431047909755076501e-04
8.385418030619255997e-04
8.941679669309561670e-04
8.981848823357112266e-04
8.163870752068402284e-04
8.665257547645807386e-04
8.808191993413408763e-04
8.326452693119398493e-04
8.218121797341400043e-04
8.072719040900531778e-04
8.241517796965933855e-04
8.601720273045151792e-04
7.778388461632246547e-04
8.039690739012993323e-04
7.907005575643330031e-04
8.445544832606332979e-04
8.388354059525722451e-04
7.770396353693519512e-04
7.945076622213612582e-04
8.108981971218368664e-04
8.230198996800442519e-04
7.787265473571613160e-04
7.794533642175214237e-04
7.882346721337332891e-04
8.443879247837597071e-04
7.754177564771935283e-04
7.886834834972126281e-04
7.783019970948530956e-04
7.946750666367331361e-04
7.834789247859921379e-04
7.455631395698903438e-04
7.347334812595088076e-04
7.722082998892186318e-04
8.056111334999100423e-04
7.219268079492110199e-04
8.148728503025728324e-04
7.502176096448677544e-04
8.094332167589146643e-04
7.512440061631406145e-04
7.998715564645191706e-04
7.608405762442426844e-04
7.620336083192031295e-04
7.394567634417592355e-04
7.158704606519687881e-04
7.037437754842405715e-04
7.773899789185403789e-04
7.497393264740534382e-04
7.605012186846618659e-04
7.536934075243898259e-04
7.030936832576618325e-04
7.461320698551320322e-04
7.568944677276549272e-04
6.814972613198853110e-04
7.687206887583277956e-04
7.581659651344716802e-04
7.295803599765817099e-04
6.985102158661495595e-04
7.078426501760044830e-04
7.424068660092831987e-04
6.898326173592821088e-04
7.166386136736314612e-04
7.157390150368876007e-04
6.570845589410154869e-04
7.095942438911532818e-04
6.579569178547426365e-04
6.968915235657721641e-04
7.149146037532517995e-04
7.448217196182810914e-04
7.364799945582786765e-04
7.039063889569850208e-04
6.529656237841168420e-04
6.559810402327586731e-04
6.678095158606949834e-04
6.481315241595679956e-04
6.479716624649839180e-04
6.569823365699716195e-04
6.297783083965938526e-04
6.707049258364833734e-04
6.485480830663230105e-04
6.379294610025775534e-04
6.254142754164860847e-04
6.919309673820051194e-04
6.293578980771044216e-04
6.283066298765079645e-04
6.301500549941781593e-04
6.448803173941021222e-04
6.415976003706774788e-04
6.698908926331486290e-04
6.554596993626996427e-04
6.225690572629810409e-04
6.312691749125890275e-04
6.535374227830914552e-04
6.360715495163796543e-04
6.215560317280225495e-04
6.767698160441015668e-04
6.667558694132681534e-04
6.785740082244179306e-04
6.262937795707867105e-04
6.784284586857336182e-04
6.247234142577511376e-04
6.533684124902240349e-04
6.443668074385655023e-04
6.145505364793179496e-04
6.429623966504020459e-04
5.891255488733208390e-04
6.321202815829936967e-04
5.938885695635489834e-04
6.142595226202865943e-04
5.790537260883894463e-04
6.071304469299744705e-04
6.567814587861119102e-04
6.301336015131187799e-04
5.765785729681768184e-04
6.451016155413905658e-04
5.643851484159353961e-04
6.047978796480497302e-04
6.368189162521020090e-04
6.125631188482502480e-04
5.494205256124099412e-04
5.518721560192871344e-04
6.290811644170306392e-04
5.826364323176168010e-04
5.412869803486632320e-04
5.534982488129047739e-04
5.819399358182109679e-04
5.327274415889200363e-04
6.287821683247495769e-04
6.193384111264060160e-04
5.570555842417158638e-04
5.647148967227671275e-04
6.089963840074433515e-04
6.163670831208148534e-04
6.038920116290089242e-04
5.297195197084317818e-04
5.406750287348811293e-04
5.916447670621129400e-04
6.004172250566962689e-04
5.798130303966057917e-04
5.443483874501026543e-04
5.835193365486606928e-04
5.952511616457832220e-04
5.710859051980980488e-04
5.095917258887250985e-04
5.606050424032530451e-04
5.653210921508448200e-04
5.158945348714908796e-04
5.294708401107426753e-04
5.177698443980583744e-04
5.257350496259821909e-04
5.657642519731173516e-04
5.328730816728280114e-04
5.479886443441504221e-04
5.279622913754594433e-04
5.310275413352616609e-04
5.101994883862870584e-04
5.769308774357332498e-04
5.546757394240494667e-04
5.772791588545952632e-04
5.596313631705427880e-04
5.452233018934625475e-04
5.370468319372900074e-04
5.304678524111663528e-04
5.426125758660342623e-04
4.793227691019480517e-04
5.244482298019222328e-04
4.716280066326993588e-04
4.883609265526092343e-04
5.006409087520039903e-04
5.275913909487074324e-04
5.200420862136092420e-04
5.419743678333340756e-04
5.394542877638038633e-04
4.751283918585661663e-04
4.770996378727424534e-04
4.679096480610948276e-04
4.858818196615272557e-04
4.519722322700435598e-04
4.551109652897896676e-04
4.972316892822591962e-04
4.798107495270140786e-04
5.402100926569450030e-04
5.163161673540109199e-04
4.773408912909438617e-04
5.038846926677484784e-04
4.454063688931898368e-04
4.465102782069226743e-04
4.418168806938373963e-04
5.058244505346560106e-04
5.253279139235678130e-04
5.248055652352738836e-04
5.237044245792457295e-04
5.007172075981020359e-04
4.350245710677079340e-04
4.731950519306589767e-04
4.589493450682474674e-04
5.027952062282303475e-04
4.457697174462829323e-04
5.121794312720696820e-04
4.952212550095461477e-04
4.301402910202128905e-04
4.708483129576179391e-04
4.977966673192750361e-04
4.644980377055035791e-04
5.060434897621151609e-04
4.484012846465710894e-04
4.733965331604548642e-04
4.757751411225571124e-04
4.923915988826392358e-04
4.500445174693307074e-04
4.357909455482416195e-04
4.582031310959273711e-04
4.324965387104167574e-04
4.108695374997254051e-04
4.768257437995293492e-04
4.813244981819801943e-04
3.992826245807560822e-04
4.917815594994313227e-04
4.794754022018566579e-04
4.660039942134797087e-04
3.978805115047714057e-04
4.285262955082956050e-04
3.918729868072875545e-04
3.963700913985427612e-04
4.447313145859743710e-04
4.560398250763300545e-04
4.388615568963238401e-04
4.749431991478711770e-04
4.027943802808151312e-04
4.593439352360989287e-04
4.490530155298371124e-04
4.110335589625677935e-04
4.424764315851241621e-04
4.005474363976594494e-04
4.166866899497920023e-04
4.675742647837786222e-04
3.843354509337908761e-04
4.453985130055830620e-04
4.469937854146099985e-04
3.691331777152389595e-04
3.649723476428521967e-04
3.803201507467972244e-04
3.939246703043409277e-04
4.277085581358601798e-04
4.441373378414445374e-04
3.656562500330149193e-04
3.641031855395683624e-04
4.391766064183051633e-04
3.690032085518896426e-04
4.358131028374144836e-04
4.143839950271663948e-04
4.376177454019791356e-04
4.033606094268146910e-04
4.435257926561305178e-04
3.504479672369094226e-04
3.514849582207175060e-04
4.059057701186496482e-04
3.663997750482038927e-04
3.778281634751472391e-04
3.878689537005658742e-04
4.359866341362871782e-04
3.793025226346820951e-04
3.878753247519619034e-04
4.071384058980521796e-04
3.494378354507999261e-04
4.103829848268795402e-04
4.100907151508988938e-04
3.466124234417274227e-04
4.043290272310459611e-04
3.479867613043599920e-04
4.075487610586773233e-04
4.132151811968056408e-04
4.249830378034662832e-04
3.281630310800084894e-04
4.206324443704799682e-04
3.637304027965778731e-04
4.190021932941346292e-04
4.176575833619730832e-04
3.991920282713016773e-04
4.064998815232265380e-04
4.120624648639021866e-04
3.656994601400586882e-04
3.944939292929422318e-04
3.168214607851515250e-04
3.336299824581070018e-04
3.316596470891009884e-04
4.100087022236555351e-04
3.473896273267555691e-04
3.931394073097614172e-04
3.487768406176965140e-04
3.174682609217214070e-04
3.358206973322956602e-04
3.353237502795437894e-04
3.230991597809651289e-04
3.963214540296580973e-04
3.706254830424579984e-04
3.599503900454157192e-04
3.338256545766763329e-04
3.847777824073150355e-04
3.140655434401342923e-04
3.645422312351698267e-04
3.036760496090027349e-04
3.105115724758608468e-04
3.785385499406981099e-04
3.470195606317384132e-04
3.898214566613337952e-04
3.124593257256315913e-04
3.368321483207649208e-04
3.099645546149132694e-04
3.414428104619476228e-04
3.343912105963583493e-04
3.612927826536646786e-04
3.276031680373334381e-04
3.107739430922944993e-04
3.614458173574747321e-04
3.554057657916911170e-04
3.412615877778202690e-04
3.327130764552482171e-04
3.293382383987033765e-04
3.056436457202274786e-04
3.586072365766221066e-04
3.413809650805319971e-04
3.311364086021169805e-04
3.039796344928421211e-04
2.832939093084564392e-04
3.400483209866158891e-04
3.304990805498326948e-04
2.808270706750343334e-04
3.275406319031330888e-04
2.732035504195327261e-04
3.093551272823661605e-04
3.134099590391344644e-04
3.402090952780046241e-04
3.104423037564427623e-04
2.825668708252658924e-04
2.919085827331510783e-04
3.430337723729532675e-04
2.723008315796134971e-04
3.523417942710510499e-04
2.789310573615002642e-04
3.543931774260725251e-04
2.989495301207473893e-04
3.016004981212222339e-04
2.814572887573141605e-04
2.864032017461581522e-04
2.918050042036827193e-04
3.458474956423874137e-04
3.288730937430301912e-04
3.481357346157829859e-04
2.942398959968069811e-04
3.123412380389272163e-04
2.659479708550054858e-04
3.062009784963357854e-04
2.943080988511123154e-04
3.488928147085871125e-04
2.990734469264066508e-04
3.441981319131725376e-04
2.487183046486660890e-04
2.788232186852402554e-04
2.481132592964806639e-04
2.549082352463360080e-04
2.699255467747681638e-04
3.405634449236806874e-04
3.264609765826836864e-04
3.172120230691816405e-04
2.594200464322902024e-04
2.475877058230795211e-04
2.819828165961025981e-04
2.464911628279934340e-04
2.648651962144617580e-04
2.397822201504382327e-04
2.476255607004311955e-04
3.146793365486487588e-04
2.573749133826971599e-04
2.433654221722046640e-04
2.419136300038162183e-04
2.329251109889359883e-04
2.425316727025662986e-04
3.280107745031489506e-04
2.812554525673371247e-04
3.223890182178534066e-04
2.477170970304081224e-04
3.147652521812077729e-04
2.860141453232017310e-04
2.409181695321583987e-04
3.040383921675950747e-04
3.146647954997893403e-04
2.764974959773569552e-04
2.254042888433515387e-04
3.153585765029434857e-04
3.125913077830906562e-04
2.480313109074606492e-04
2.588017760862919292e-04
2.353355123912243755e-04
2.988182914920014459e-04
2.999297005428328846e-04
2.656888081100407793e-04
3.150236987731031783e-04
2.581663188879874081e-04
2.247702596501323727e-04
2.956014005542559331e-04
2.712818143902757636e-04
2.808789574539834232e-04
2.347046578110599849e-04
2.777096705651391217e-04
2.706732233748831810e-04
2.932418286671262036e-04
2.088273145986885965e-04
2.576279989050638268e-04
2.716967218866007169e-04
2.150731811243999621e-04
2.248973798224302605e-04
2.129704864422585870e-04
2.586788819449009321e-04
2.708143069301155188e-04
2.328978429626291731e-04
2.511198826252093621e-04
2.897142445808977961e-04
2.738675527259426101e-04
2.721206465662148917e-04
2.757742535408723851e-04
2.527827686735886542e-04
2.770894877922495210e-04
2.084157257643307569e-04
2.719091222025772961e-04
2.476280145762494497e-04
2.956289191040375975e-04
2.333275804401385234e-04
2.260595504727716391e-04
2.900487046620403055e-04
2.932125364793859235e-04
2.731243514437810553e-04
2.241098789193998850e-04
2.444762823593003647e-04
2.376417006746144359e-04
2.659089345891590224e-04
2.199210167143255724e-04
2.435353634593768991e-04
2.300331655574334153e-04
2.784548937704562190e-04
2.257115138894652908e-04
2.825945658745753321e-04
2.085837498096556675e-04
2.178613351149845292e-04
2.400961674226544617e-04
1.942496230692388251e-04
2.525850821830686677e-04
2.204399597096255801e-04
2.539194010260689260e-04
2.509367111152991845e-04
1.910727758376994535e-04
2.262634729646010082e-04
2.243912544396719144e-04
2.435450790987201005e-04
1.903385339766598108e-04
2.143151565556739664e-04
2.371483973218909509e-04
2.224285790633098812e-04
2.152799153691772362e-04
1.843429203165307113e-04
2.018787804055648854e-04
2.336943128903362285e-04
1.766057594823626682e-04
1.767235221872769210e-04
2.046363312516444788e-04
2.062118910544045048e-04
1.795946373876298877e-04
2.636311764991973211e-04
2.333982841988974381e-04
1.711834676347767311e-04
2.055197329927712789e-04
1.957892649148862570e-04
1.683649771130659985e-04
1.969053875855264035e-04
2.324285008155567954e-04
2.492979111427382930e-04
1.743803914885822144e-04
2.336183977962995881e-04
2.207863351024247822e-04
2.202949667090594026e-04
2.199856348986988159e-04
1.800891939698050378e-04
2.575933202837118498e-04
2.420209573617985240e-04
2.377970764651287847e-04
1.812812434661472956e-04
1.842621117955724251e-04
2.276291343933084380e-04
2.095511258006432179e-04
2.480051199522133451e-04
2.141670826236395631e-04
1.902831378656887485e-04
1.667061398563267143e-04
1.708000310432739944e-04
1.680276773352982101e-04
1.623868215009831111e-04
2.217335856060364272e-04
2.486293654858869918e-04
1.597067264928182882e-04
1.723267933009337493e-04
1.935272853415455634e-04
1.722540846127187898e-04
1.545630084243309254e-04
2.012263808031783386e-04
1.890599362583136281e-04
1.640542153327636220e-04
2.381224753132682448e-04
2.208117372693330516e-04
2.256648077849920670e-04
1.592876635329469658e-04
1.876821772828831942e-04
1.999014696611738800e-04
1.956537293151541725e-04
2.022988031030556900e-04
1.972694037712748494e-04
1.517245869357765104e-04
1.782980859966581651e-04
1.594822550984475356e-04
2.227147022552221226e-04
1.970777947705635539e-04
1.508771929692166952e-04
2.056408737449042716e-04
1.674022625119942734e-04
1.839466395673804914e-04
1.999507944857137982e-04
2.308725944341339905e-04
1.556162124982262860e-04
2.361646975229435362e-04
1.543694909016453550e-04
2.068066144145683477e-04
1.410959651821014956e-04
1.482019524322224311e-04
1.477880636632557536e-04
2.317741872896744043e-04
2.336428640004470033e-04
2.346523901267347256e-04
2.263638227698068354e-04
1.776279445257723452e-04
1.629311847311904436e-04
1.780566279948465045e-04
1.898969248785785347e-04
2.212736184037474474e-04
1.909010772642638284e-04
2.045063950226712812e-04
1.849900048298247751e-04
2.161500139755950366e-04
1.834847195815929679e-04
2.093380759947603372e-04
2.002017364453775297e-04
1.477790214177988860e-04
1.822322653887968754e-04
1.668357954371546179e-04
1.295196462250158592e-04
1.598105301660085096e-04
2.211572522688151415e-04
1.674214609904636384e-04
2.114400542809956275e-04
1.374933868210360922e-04
2.075748030350357679e-04
1.492133114932617764e-04
1.365323748730135176e-04
1.834845065111114079e-04
1.593575474852531497e-04
1.973854066051250120e-04
1.547284807438640696e-04
1.541797728487499515e-04
2.010534600179083155e-04
1.882830980223701412e-04
1.621290946320541788e-04
1.312681085297499970e-04
1.338071510036487142e-04
2.170169990203503019e-04
1.272417009622771246e-04
1.693156239508785007e-04
1.761970101305952632e-04
1.861532737649779093e-04
1.893495119958655778e-04
1.314361221590511783e-04
1.430220498299649974e-04
1.901088687031717646e-04
1.229628802443033162e-04
2.132677578195995563e-04
2.159239152874057894e-04
1.655740099418507661e-04
1.816151349877888116e-04
1.898172621004948473e-04
1.612192657214793685e-04
1.424579588445804164e-04
1.208658501353479986e-04
1.827787948354621275e-04
1.980272789294819759e-04
1.252471210158101272e-04
1.717764148763682621e-04
1.309974234455208006e-04
1.890070985315297656e-04
1.553248489180746766e-04
1.760295761640661013e-04
1.221451903652358804e-04
2.026804467978010453e-04
2.046665593822396341e-04
1.709974626819392462e-04
1.744988918361774807e-04
1.570824296466285619e-04
1.616920964822353510e-04
1.167474402007023722e-04
2.010838200716120571e-04
1.188141945177878137e-04
2.018807100699021942e-04
1.421400435103894284e-04
1.629311568954401102e-04
1.220043316095477024e-04
1.963956378438460519e-04
1.937294280872138043e-04
1.208903632605185381e-04
1.828967587631049642e-04
1.293794160806968022e-04
1.434080103766862519e-04
1.309312204193872615e-04
1.972545627552601221e-04
1.702630559195322487e-04
1.528822933941687055e-04
1.234191791426657000e-04
1.549408668820057174e-04
1.254961649599234397e-04
1.318972857802044472e-04
1.732733488407287026e-04
1.194944303592824358e-04
1.629872118034630230e-04
1.720638062457861394e-04
1.802560096560478831e-04
1.400894318868227525e-04
1.915028553547530338e-04
1.283333197878224494e-04
1.729672419432515924e-04
1.835499927026143659e-04
1.371393902141046972e-04
1.786932370664254689e-04
1.259358791837223855e-04
1.241974750637941472e-04
1.094346650892996837e-04
1.927177437334106507e-04
1.424342860146895649e-04
1.451096056986225335e-04
1.850900125734803478e-04
1.448852723708086120e-04
1.578874039967309811e-04
1.045066889700942516e-04
1.719782743024756029e-04
1.170472287711691559e-04
9.542296820356524977e-05
1.137008636542364507e-04
1.010041537886782140e-04
1.051715461795466310e-04
1.782289421275671788e-04
1.461641447160923863e-04
1.474966633063714975e-04
1.491752008919240886e-04
1.079989790233027943e-04
1.873901836668057292e-04
1.086958561500249004e-04
1.693981749552267045e-04
1.808591802321810786e-04
1.469899515374784612e-04
1.106144567451409306e-04
1.003717509832924981e-04
1.217944148579562356e-04
1.290863207834229811e-04
8.952858127182171920e-05
1.300841939481917997e-04
1.549635724804313192e-04
1.368404965852907350e-04
1.480024707470754049e-04
9.486389154171649967e-05
1.850516877525832239e-04
1.710789594322173663e-04
8.902143374787720176e-05
1.350283794448731275e-04
1.834778022185049550e-04
1.032846793868169550e-04
9.852671693055477015e-05
1.632766556775682972e-04
1.749059005275058025e-04
1.203465324866676229e-04
1.403663060002323187e-04
1.508420591571043082e-04
1.014996039487351374e-04
1.747480003961362637e-04
1.710986368983406065e-04
1.693135111023122029e-04
9.382395236530261331e-05
1.313895546581702624e-04
1.432077704573844279e-04
8.704271691387314015e-05
1.022409032635275561e-04
1.260178898202216795e-04
1.391160084606471144e-04
1.739810250163670161e-04
1.067809547798504415e-04
1.081697434246573386e-04
1.088081266630378251e-04
1.592050533657124207e-04
1.630482645338221222e-04
1.524122229645355779e-04
1.076861375348890616e-04
1.214593601876784202e-04
1.390071382752804054e-04
1.036924431332437589e-04
1.120330762770924333e-04
7.862267741969853599e-05
1.085658715369650215e-04
1.465392750702174725e-04
1.592509536865052233e-04
1.064319687580772143e-04
8.756900721163776886e-05
1.418357852122570178e-04
1.069535553675009335e-04
1.252086715298534507e-04
1.400143744151220531e-04
7.612375206542086061e-05
7.797598775237835501e-05
8.413968973210956344e-05
1.237495637637841476e-04
1.044401596510898705e-04
9.246116535714397401e-05
1.528382644563559324e-04
1.292787313273172588e-04
9.471789397751942050e-05
1.363669368868381719e-04
7.179573273891878870e-05
1.200365666575325295e-04
1.165045705518702023e-04
1.012633253475377386e-04
1.536778430143576611e-04
1.259158879076364024e-04
8.304074376456206912e-05
9.267103458977752890e-05
1.498804299933712805e-04
1.149670204403132592e-04
1.553757619959508709e-04
1.466049639488881530e-04
9.280839274284414283e-05
1.022904087142424072e-04
1.025053162029505101e-04
1.273432564750868860e-04
8.168584646631373719e-05
8.038616568900880399e-05
9.522908917770499422e-05
8.644380909220882514e-05
1.424558311033096445e-04
1.616083479089939199e-04
1.245918858493816556e-04
1.461828645833807363e-04
1.258600993621133632e-04
9.699577245811380607e-05
7.667557648999999062e-05
1.000367959922795113e-04
8.092887256636744893e-05
6.785479244351322510e-05
1.407426489478677892e-04
1.059150792949125057e-04
7.679735625903150197e-05
1.127357496329508581e-04
1.002701572868612567e-04
7.047893825707791915e-05
8.686009005695174219e-05
1.069974304150245637e-04
1.559483789749697242e-04
1.591840464714461972e-04
8.552977978140406689e-05
9.308921711178889057e-05
8.182711255450721946e-05
8.797560337556726662e-05
1.101812258848962854e-04
8.718166922968365051e-05
1.520844331836319527e-04
1.292533029055007755e-04
1.188897002033303008e-04
1.193562085802942993e-04
1.579499793599640860e-04
6.882297701207386374e-05
8.355671122707298811e-05
1.217963684903230776e-04
1.416293442849827610e-04
1.315847196708527973e-04
6.350806668214673174e-05
1.227599949346569951e-04
1.001660422372514461e-04
6.798541901152130144e-05
7.301875637597270326e-05
1.524771228487335024e-04
1.446201485285845132e-04
8.429662851754265193e-05
8.006127964157785655e-05
7.702534242012558136e-05
8.764954075341047459e-05
1.244163526201922103e-04
7.922980382267269962e-05
9.682046915076168085e-05
1.005450937577106953e-04
1.331765925937057550e-04
6.629774840488808984e-05
6.923535645248342580e-05
1.520132628455779544e-04
8.132189845709007390e-05
7.560810917407530967e-05
1.357743121530999904e-04
7.079402023877774913e-05
7.404178176174708477e-05
1.358316397230829864e-04
8.090911354455949077e-05
5.611284636454761364e-05
8.258215922442535507e-05
1.377674403860433441e-04
1.487272808848171153e-04
1.137241970808148270e-04
1.247163108349007906e-04
1.408607736984258322e-04
1.113505664407104406e-04
1.138237678664027976e-04
1.490117736951736835e-04
8.161086225944605378e-05
1.464191398264408264e-04
7.489242183290842098e-05
1.425404148015570085e-04
8.055169596556861788e-05
6.425676385767271437e-05
1.212460532750035062e-04
1.266814508171193552e-04
1.059047234641759039e-04
1.230331177719270975e-04
9.252447776013976942e-05
8.974251753053155462e-05
8.800758057879662648e-05
6.300320260101157613e-05
7.843344275967507342e-05
7.267778484151376887e-05
8.274776244141363285e-05
1.194436126247372772e-04
1.362134634863557321e-04
1.034799427906247745e-04
8.517091004578756066e-05
1.340276687865244744e-04
4.990975523615266170e-05
6.298812094254184360e-05
6.627407372511947051e-05
8.028677838451280695e-05
7.568028454947632816e-05
9.577985302086965754e-05
8.480778473170377460e-05
1.342012057246497431e-04
8.226237282641995704e-05
1.156498230088224053e-04
5.282888869433680556e-05
1.114660941379093883e-04
6.750578248741607415e-05
9.338022063926861873e-05
1.325562489499199331e-04
1.057922789577225419e-04
1.238061673161494202e-04
8.386094163105085614e-05
1.422482964375571294e-04
4.781903551670257273e-05
7.305028116067464427e-05
6.532376325215387338e-05
1.016588071600942506e-04
1.233279494669128136e-04
6.398261854073468880e-05
1.145482596011922563e-04
6.378419618634798092e-05
6.887902611937298360e-05
8.543591988455548868e-05
9.972516020698962680e-05
1.394330682846525412e-04
9.451517287865161929e-05
6.330872321098270235e-05
1.088035251124195386e-04
7.934354891996035102e-05
4.627752473648173503e-05
8.745030904378726304e-05
1.019401439020897239e-04
1.427992578900274612e-04
9.936960713603369862e-05
8.274501161939059788e-05
8.248002526885314125e-05
1.332203694332437368e-04
1.325087988869390907e-04
5.384994616047428148e-05
1.131482753594191667e-04
9.710179123995605981e-05
1.364236941620005500e-04
1.180670802620520160e-04
4.480467339685033243e-05
8.885910679357334450e-05
9.245915948627092735e-05
9.192688363817921610e-05
6.811572909353667783e-05
7.827532086907378864e-05
1.003267367843812418e-04
9.384835709854703510e-05
6.891317158213511947e-05
4.732720888238642028e-05
1.121870437321383551e-04
1.391022607948203069e-04
1.188804032325729561e-04
8.889558003192119732e-05
4.367005036602873079e-05
4.019005173618650165e-05
1.045079812444278818e-04
1.228969573635639643e-04
6.420333318274499277e-05
8.731693293512866145e-05
1.004641419114198769e-04
1.016770161588654740e-04
5.813389700268193770e-05
9.305066230546602988e-05
7.563868376075921773e-05
6.695542865226540119e-05
1.209602741234622452e-04
6.942439045952197895e-05
9.791494035337594808e-05
6.062067544135035129e-05
6.432257705953452740e-05
1.027904476557741406e-04
6.358439201379855843e-05
1.305448559971604311e-04
4.002099870522610956e-05
3.999125222087630913e-05
4.995321219634525352e-05
1.226487022776915074e-04
7.787152116886538844e-05
4.587307072318739696e-05
5.517771311570370533e-05
9.978642301518891367e-05
5.053819596794570417e-05
1.102003318655233927e-04
1.281277340802134605e-04
1.205330382097055068e-04
6.073816234620298235e-05
3.931116237145493525e-05
1.154851383903441567e-04
1.126921736130759939e-04
8.709604572163748911e-05
1.061376478914182397e-04
9.211466774386163452e-05
1.093841206899425454e-04
7.385196461339739969e-05
1.096999835450867590e-04
3.519741712205516003e-05
1.212548747976933109e-04
7.834400290802402168e-05
1.209901712732231892e-04
8.230392460561601663e-05
5.788420237797495033e-05
1.307633193684789230e-04
8.902010622220077893e-05
1.287046171309725652e-04
5.293269529264771681e-05
5.985844022442885913e-05
8.068109935039696398e-05
4.431440888793786810e-05
1.316239683495502410e-04
1.005967331955346376e-04
1.241094951096334542e-04
7.048005449955600755e-05
1.096277770903330802e-04
4.032927832648065033e-05
7.251780238691053293e-05
1.037054808587652924e-04
1.278067226845330145e-04
8.062276228989228894e-05
7.391478663223253489e-05
5.251200879179442196e-05
1.183446005148133356e-04
9.929397701599299725e-05
1.053394393927101528e-04
5.290599128279240525e-05
3.846892418136729021e-05
4.339443097184717669e-05
1.307659149677405422e-04
1.243179875158971351e-04
1.280682716579187427e-04
6.014006575256458371e-05
6.116559554363086397e-05
7.424022949531026842e-05
1.165642004035313117e-04
7.879340184552778960e-05
1.277446045932478097e-04
6.728075391382759996e-05
7.610587934631657804e-05
9.470363719344082436e-05
7.580847047146345354e-05
5.820177526085205700e-05
1.102352833583019823e-04
1.168743655264958912e-04
1.062612215155886729e-04
6.647005875750226019e-05
1.148199262299893396e-04
1.035199399012512532e-04
1.153893707401461863e-04
6.670328784680288627e-05
9.860165722685872408e-05
1.091579736865629758e-04
1.260305300579458434e-04
4.000530635307309146e-05
8.664340323213559245e-05
9.958244225643681793e-05
8.111851039728136959e-05
1.054612270713359355e-04
9.383147395758855206e-05
1.009482896430366835e-04
1.152334711101013010e-04
7.061025051177961787e-05
3.970490326367208129e-05
4.052548907587845157e-05
8.117734640020513623e-05
7.223792527620007998e-05
3.802445633492393010e-05
1.265522736478044664e-04
7.961987592535417881e-05
1.134275255553653778e-04
3.470258603338254808e-05
7.603108084283771826e-05
1.036213609232907687e-04
1.066066557574623578e-04
1.024618608848687295e-04
7.805812808932970114e-05
1.087324975795392324e-04
3.493696625098343956e-05
7.836555178897044462e-05
8.228097238085372515e-05
3.096749761732652581e-05
1.216248384169783808e-04
4.874140118348625230e-05
1.065105970243290171e-04
1.185839403881527778e-04
4.312054098711706973e-05
7.564500111883555903e-05
8.319913375974407222e-05
5.654967297561114774e-05
7.196999705034284303e-05
1.252292025745579886e-04
8.503457125220166936e-05
2.927203292941618940e-05
6.135176009594412827e-05
8.781250311573732302e-05
7.760683036010542467e-05
3.095486269609515237e-05
8.644115956936174682e-05
9.369641244416176918e-05
6.593719386443305417e-05
5.648733028072294021e-05
1.196075820554383341e-04
9.974642465146662271e-05
5.423307192114008499e-05
6.575021725872015502e-05
4.010812865816894680e-05
1.159377631564184694e-04
7.427281863313642729e-05
7.022693958435191988e-05
9.969569539873356480e-05
1.121223185951075659e-04
4.153400887001642834e-05
6.288751187551119848e-05
7.619677055114963422e-05
9.738523086418591265e-05
6.949172056784423234e-05
8.667847851703690710e-05
8.952379674784992315e-05
7.433590922167503990e-05
4.244629453782082962e-05
7.845613777985194909e-05
7.794374938135072411e-05
3.184050372769961447e-05
1.074318878491154980e-04
6.041770912954660185e-05
1.178886417100864022e-04
6.437153868402238069e-05
2.368876460126642650e-05
1.090505377318375812e-04
2.581776801631591913e-05
8.212673790765378286e-05
8.337635209409885407e-05
4.224618428987267745e-05
2.504049018969550309e-05
6.868166051347365689e-05
7.688441578522533224e-05
3.016175953045609860e-05
3.825509786757540459e-05
1.064285126114492512e-04
9.147282989056498121e-05
5.019267011856303970e-05
1.206580699579601291e-04
9.159731591465992127e-05
7.519232810152653285e-05
6.357026292745692267e-05
6.810528386774720587e-05
3.827096146866799855e-05
5.264407143822519432e-05
1.177769768152156336e-04
8.640069250563525986e-05
8.866101130121258045e-05
1.147223375665760276e-04
7.272775237467690680e-05
8.204283134446272406e-05
7.298190639064831191e-05
7.065818002883862497e-05
2.745475157598203762e-05
7.397656481500291203e-05
3.882925992313850409e-05
6.045629021229994334e-05
8.894186612727223991e-05
1.164346273692400986e-04
4.775398429463466451e-05
3.389007441569680593e-05
3.563320405847191820e-05
7.101739187869239350e-05
8.334293341674296274e-05
9.719187207450264332e-05
5.840347707558413246e-05
6.127774297535078772e-05
9.305994597455822604e-05
8.611119356365337608e-05
4.721563367017128133e-05
3.608452095916346483e-05
2.349645595189453649e-05
9.761849895434881151e-05
3.798017236832761784e-05
4.592466701732934609e-05
6.306891979980480299e-05
1.119623865892538915e-04
7.490057871584169147e-05
9.174263450588830454e-05
9.592386766189005905e-05
8.667862952368862945e-05
1.149871032070912179e-04
2.093483849467622193e-05
7.929890818887634228e-05
3.491744888478313566e-05
4.954099380801455042e-05
2.709689987911359369e-05
3.775664178118530640e-05
3.797077964168009043e-05
2.507178012041621094e-05
4.995096988513476454e-05
2.270708568309753720e-05
1.087013809869509870e-04
2.358718469210967895e-05
1.043022573090071820e-04
8.993628162849270349e-05
7.405568057360896537e-05
3.497955145523319435e-05
1.898844878203931365e-05
7.417204751864798660e-05
3.071754317702728003e-05
1.107360115669501479e-04
6.013095946495218558e-05
7.153765664811873601e-05
9.247199773261496772e-05
5.622419425464391448e-05
3.731255746520585799e-05
7.549738761697801035e-05
2.991802308995295093e-05
8.811954887545546324e-05
3.612503500730004805e-05
8.846378242814809285e-05
4.495656182686231026e-05
6.473237310814712359e-05
1.789851462902619560e-05
5.189594016174641823e-05
1.089029535590129685e-04
5.495784763779251194e-05
7.817296061488701608e-05
1.124422470350912003e-04
8.704597747566595115e-05
7.822645258966025414e-05
8.381794178505593419e-05
6.629941167795084015e-05
1.077892240591680638e-04
2.385499951632465908e-05
4.219299332317594941e-05
4.121694268483240922e-05
9.334437964793095086e-05
1.676287489974881921e-05
4.757114659418993480e-05
1.062592882988693021e-04
7.602802899718397850e-05
1.126685950411500468e-04
5.789894792337817230e-05
5.856490326460452804e-05
8.856727058602559873e-05
1.116950504320296533e-04
3.329737243710493612e-05
1.138812127511478920e-04
1.042775823152079122e-04
1.712991279985774838e-05
1.033123662028972599e-04
9.198803955737697396e-05
3.865822328562854753e-05
2.308265730473725770e-05
7.245335142765151146e-05
6.042757320490080384e-05
1.104122374541526670e-04
4.085422654808312809e-05
3.203364702309477983e-05
5.965085815904310764e-05
4.887595269537457082e-05
7.086662823446849798e-05
4.140843142487817018e-05
1.078342003162203284e-04
7.248049962756906430e-05
7.961401668664818451e-05
6.785401694188522299e-05
9.043735346649874778e-05
1.687621620258988094e-05
1.091830803418989608e-04
1.725187703453095526e-05
3.252081898217423300e-05
1.537259186439258042e-05
3.867762425157280650e-05
3.281677559540379106e-05
4.708864812784254014e-05
3.438366725276700207e-05
2.038528766515599713e-05
6.977945924252783295e-05
5.006179033257154387e-05
7.612856116615098259e-05
8.014337732200986757e-05
1.033680978211821749e-04
7.267830344592253466e-05
1.527394572379928183e-05
1.717352597831141843e-05
1.064294495252534131e-04
4.251404156874912091e-05
5.031542708951561072e-05
7.761755834669259663e-05
7.649170195149912076e-05
3.889978290205680441e-05
6.596368598721391065e-05
5.166760635838994959e-05
6.212629071086875647e-05
1.093352473985126014e-04
3.801870732579606623e-05
3.316065630725719901e-05
1.127058928995256382e-04
4.998310210488538413e-05
1.026852934512950124e-04
3.426929480942179527e-05
5.477852703610876174e-05
6.156592314087117003e-05
2.816606484121016098e-05
1.007462201093792915e-04
6.271281004129087178e-05
9.451566260826443889e-05
2.905284726291541776e-05
6.038675202375606014e-05
8.061682362700645587e-05
2.714444943218498633e-05
5.046826469960003989e-05
9.629219338771482389e-05
1.674931182403150920e-05
3.328554718665980384e-05
2.651186461153507481e-05
3.254057629707466054e-05
3.390315737141128927e-05
8.700044319191667873e-05
1.060232838009351564e-04
2.769793017798945228e-05
8.145691553779061387e-05
7.339872075195734836e-05
6.878100099707452474e-05
7.718708904349143004e-05
9.968541471850804827e-05
6.278991990912838913e-05
6.059937917808922309e-05
1.038372821046897759e-04
1.047508335533874448e-04
2.244264613882275734e-05
3.614862257871364660e-05
1.344840868439265527e-05
7.080294871332468739e-05
6.970299546398892715e-05
8.559378562788958530e-05
4.014964482937567096e-05
7.766373018671940268e-05
1.943711318571774658e-05
2.637229190549372838e-05
7.409500170324240676e-05
4.719630984939158033e-05
8.025748821927293942e-05
4.705522827861693220e-05
1.621899288364982904e-05
1.086564805427087587e-04
3.817787397092547351e-05
1.086692229744800112e-04
8.647057188367336905e-05
7.028608170318639608e-05
8.082830675818495399e-05
4.040155727499604151e-05
6.996881715044041706e-05
2.207526732385138707e-05
2.538099329194494919e-05
1.022386519691493282e-04
6.033524787717432314e-05
2.047800153393517923e-05
1.849537504382552951e-05
2.269104894708963714e-05
3.912617949549498291e-05
9.997953434778417278e-05
5.147282243609070456e-05
3.567917782797777485e-05
4.442498844917302321e-05
9.340196271570550381e-05
1.044669433103910208e-04
5.274083990715141049e-05
4.390862629885855972e-05
4.984772415561052283e-05
1.050784646215423431e-04
4.485930872273840539e-05
8.168986094205165575e-05
2.260990365791628738e-05
2.388358255962718752e-05
5.483015271232592747e-05
1.004579720262769232e-04
7.246183879965830842e-05
9.408869131611580076e-05
1.061724640761880947e-04
7.783825140384313299e-05
1.667957244645381965e-05
4.021746841961995085e-05
2.697043399575176876e-05
4.023902615410384481e-05
7.307827583446341833e-05
1.270209685135020537e-05
2.492642245266391335e-05
8.083810297346772560e-05
1.000709936422798614e-04
1.015434902302875573e-04
9.534254605774581033e-05
9.501337324031171089e-05
1.703745645885186967e-05
4.824397500823889213e-05
8.693838758194333282e-05
6.677402656206746798e-05
8.954954670561221075e-05
3.549251559384819293e-05
5.868571691988390984e-05
8.778523593263202010e-05
6.156885921099192324e-05
2.241721212780432460e-05
1.052937485260754423e-04
8.556902189443963737e-05
9.968420082621677050e-05
1.067885399838587016e-04
6.948424248153528570e-05
6.180147556841469945e-05
9.918385126085012867e-05
7.511649747177864573e-05
8.522055367595092663e-05
1.218076735671867281e-05
7.379656154744001367e-05
8.049481711129429526e-05
5.449165046689295831e-05
1.764196411694558321e-05
8.657794678321406546e-05
2.007209216518078131e-05
5.104752290462388515e-05
6.800619352967172515e-05
2.686539674333316774e-05
2.512222232451594882e-05
6.732088054943828192e-05
4.744735872968241510e-05
4.291270334826303913e-05
2.681746684569416320e-05
9.793114679322947620e-05
3.296500279816914707e-05
6.278859498898490253e-05
3.285421374201668118e-05
6.971567533058087816e-05
7.644851195716367137e-05
9.435918054814293303e-05
1.870130045895139562e-05
2.112601142795622809e-05
3.426164602707543178e-05
1.021958289094490482e-04
1.001314875761872772e-04
2.968794280691620889e-05
2.532750988756167024e-05
9.000176677037548614e-05
9.650913540910559349e-05
4.806291181280235395e-05
5.947720992280220429e-05
1.005413879422303538e-04
7.861295985508981845e-05
9.327732382153589193e-05
6.376954175339044498e-05
4.543430469982252139e-05
1.022405325274932091e-04
8.475608032850528105e-05
7.726949916540682195e-06
8.849123146205263959e-05
4.461467482706750026e-05
8.403534150692498403e-05
7.975393470433619523e-05
7.501433089690426152e-05
4.854377591353063005e-05
7.322105431710757017e-05
5.412743654792745793e-05
6.242086417456224742e-05
8.438830330348598386e-05
1.026763823665539373e-04
5.451025255589583184e-05
8.170103268276257937e-05
3.527555410279052358e-05
1.808695941471422173e-05
3.368356228662249159e-05
6.254680395541381858e-05
1.511704222063296624e-05
8.198162812940059096e-06
9.308339914094219752e-05
4.549183016609400533e-05
6.992340487426193909e-05
6.925941623907134960e-05
3.381832596722510930e-05
6.838515351375032620e-05
1.221558460137799685e-05
8.577381481351390222e-06
9.844834200753048428e-06
5.102747929645425534e-05
1.054236361369322305e-04
9.819277690347001780e-06
9.897302812815060883e-05
1.007171599231738838e-04
1.007022109477084647e-04
9.563463507675613672e-06
6.810588001772031538e-05
8.969553879643714107e-05
9.014371538127854207e-05
5.951094629027163047e-05
6.053960067106106528e-05
5.685722318829042798e-05
1.025100668195470262e-04
8.190752826642114009e-05
2.882297058747615632e-05
3.951202252044175311e-05
3.965780671105242065e-05
9.792008096148893475e-05
1.371449286357881466e-05
1.869709635149666041e-05
4.976641471114922835e-05
8.723338535266371560e-05
7.112092029359866189e-05
6.429664693259535310e-05
1.893985461601042892e-05
1.959752418240057865e-05
7.390603096583477527e-05
